<?xml version="1.0" encoding="UTF-8" standalone="no"?>
<!DOCTYPE svg PUBLIC "-//W3C//DTD SVG 20010904//EN"
              "http://www.w3.org/TR/2001/REC-SVG-20010904/DTD/svg10.dtd">

<svg xmlns="http://www.w3.org/2000/svg"
     width="8.26667in" height="11.6889in"
     viewBox="0 0 744 1052">
  <path id="Importierter Pfad"
        fill="none" stroke="black" stroke-width="1"
        d="M 261.66,635.03
           C 257.43,632.90 255.12,630.58 255.12,628.15
             255.12,623.16 264.91,618.60 281.03,615.14
             299.98,611.06 327.69,608.48 358.57,608.48
             366.80,608.48 374.80,608.67 382.48,609.01
             419.59,610.68 448.96,616.15 458.62,623.14
             458.62,623.14 358.57,628.15 358.57,628.15
             358.57,628.15 261.66,635.03 261.66,635.03 Z
           M 468.47,423.42
           C 468.47,431.26 462.11,437.61 454.27,437.61
             446.43,437.61 440.08,431.26 440.08,423.42
             440.08,415.58 446.43,409.23 454.27,409.23
             462.11,409.23 468.47,415.58 468.47,423.42 Z
           M 494.88,441.31
           C 494.88,472.07 469.94,497.01 439.17,497.01
             408.40,497.01 383.46,472.07 383.46,441.31
             383.46,410.55 408.40,385.62 439.17,385.62
             469.94,385.62 494.88,410.55 494.88,441.31 Z
           M 292.04,423.42
           C 292.04,431.26 285.69,437.61 277.85,437.61
             270.00,437.61 263.65,431.26 263.65,423.42
             263.65,415.58 270.00,409.23 277.85,409.23
             285.69,409.23 292.04,415.58 292.04,423.42 Z
           M 318.45,441.31
           C 318.45,472.07 293.51,497.01 262.74,497.01
             231.97,497.01 207.03,472.07 207.03,441.31
             207.03,410.55 231.97,385.62 262.74,385.62
             293.51,385.62 318.45,410.55 318.45,441.31 Z
           M 598.95,514.58
           C 598.95,651.52 487.92,762.53 350.95,762.53
             213.99,762.53 102.95,651.52 102.95,514.58
             102.95,377.64 213.99,266.63 350.95,266.63
             487.92,266.63 598.95,377.64 598.95,514.58 Z" />
</svg>
