<?xml version="1.0" encoding="UTF-8" standalone="no"?>
<!DOCTYPE svg PUBLIC "-//W3C//DTD SVG 20010904//EN"
              "http://www.w3.org/TR/2001/REC-SVG-20010904/DTD/svg10.dtd">

<svg xmlns="http://www.w3.org/2000/svg"
     width="8.26667in" height="11.6889in"
     viewBox="0 0 744 1052">
  <path id="Importierter Pfad"
        fill="none" stroke="black" stroke-width="1"
        d="M 431.08,591.38
           C 380.83,574.85 319.07,575.13 269.27,592.10
             219.47,609.07 189.27,640.13 190.23,674.87
             211.49,653.01 274.77,636.89 347.47,636.22
             420.17,635.55 486.02,650.48 511.69,672.67
             512.35,638.70 481.33,607.91 431.08,591.38 Z
           M 523.31,371.82
           C 523.31,371.82 431.18,318.63 431.18,318.63M 178.59,371.82
           C 178.59,371.82 270.73,318.63 270.73,318.63M 262.54,456.75
           C 262.54,459.79 260.07,462.26 257.03,462.26
             253.98,462.26 251.51,459.79 251.51,456.75
             251.51,453.70 253.98,451.23 257.03,451.23
             260.07,451.23 262.54,453.70 262.54,456.75 Z
           M 450.40,456.75
           C 450.40,459.79 447.93,462.26 444.88,462.26
             441.83,462.26 439.37,459.79 439.37,456.75
             439.37,453.70 441.83,451.23 444.88,451.23
             447.93,451.23 450.40,453.70 450.40,456.75 Z
           M 537.07,456.75
           C 537.07,505.90 497.22,545.74 448.05,545.74
             398.89,545.74 359.04,505.90 359.04,456.75
             359.04,407.59 398.89,367.75 448.05,367.75
             497.22,367.75 537.07,407.59 537.07,456.75 Z
           M 342.87,456.75
           C 342.87,505.90 303.02,545.74 253.85,545.74
             204.69,545.74 164.84,505.90 164.84,456.75
             164.84,407.59 204.69,367.75 253.85,367.75
             303.02,367.75 342.87,407.59 342.87,456.75 Z
           M 598.95,514.58
           C 598.95,651.52 487.92,762.53 350.95,762.53
             213.99,762.53 102.95,651.52 102.95,514.58
             102.95,377.64 213.99,266.63 350.95,266.63
             487.92,266.63 598.95,377.64 598.95,514.58 Z" />
</svg>
