<?xml version="1.0" encoding="UTF-8" standalone="no"?>
<!DOCTYPE svg PUBLIC "-//W3C//DTD SVG 20010904//EN"
              "http://www.w3.org/TR/2001/REC-SVG-20010904/DTD/svg10.dtd">

<svg xmlns="http://www.w3.org/2000/svg"
     width="8.26667in" height="11.6889in"
     viewBox="0 0 744 1052">
  <path id="Importierter Pfad"
        fill="none" stroke="black" stroke-width="1"
        d="M 218.32,637.04
           C 218.32,637.04 483.59,637.04 483.59,637.04M 444.67,409.85
           C 444.67,419.90 436.53,428.04 426.48,428.04
             416.43,428.04 408.28,419.90 408.28,409.85
             408.28,399.80 416.43,391.66 426.48,391.66
             436.53,391.66 444.67,399.80 444.67,409.85 Z
           M 293.63,409.85
           C 293.63,419.90 285.48,428.04 275.43,428.04
             265.38,428.04 257.24,419.90 257.24,409.85
             257.24,399.80 265.38,391.66 275.43,391.66
             285.48,391.66 293.63,399.80 293.63,409.85 Z
           M 598.95,514.58
           C 598.95,651.52 487.92,762.53 350.95,762.53
             213.99,762.53 102.95,651.52 102.95,514.58
             102.95,377.64 213.99,266.63 350.95,266.63
             487.92,266.63 598.95,377.64 598.95,514.58 Z" />
</svg>
