<?xml version="1.0" encoding="UTF-8" standalone="no"?>
<!DOCTYPE svg PUBLIC "-//W3C//DTD SVG 20010904//EN"
              "http://www.w3.org/TR/2001/REC-SVG-20010904/DTD/svg10.dtd">

<svg xmlns="http://www.w3.org/2000/svg"
     width="8.26667in" height="11.6889in"
     viewBox="0 0 744 1052">
  <path id="Importierter Pfad"
        fill="none" stroke="black" stroke-width="1"
        d="M 417.62,621.81
           C 417.62,670.18 387.77,709.40 350.95,709.40
             314.14,709.40 284.29,670.18 284.29,621.81
             284.29,573.44 314.14,534.22 350.95,534.22
             387.77,534.22 417.62,573.44 417.62,621.81 Z
           M 262.54,407.59
           C 262.54,410.63 260.07,413.10 257.03,413.10
             253.98,413.10 251.51,410.63 251.51,407.59
             251.51,404.54 253.98,402.07 257.03,402.07
             260.07,402.07 262.54,404.54 262.54,407.59 Z
           M 450.40,407.59
           C 450.40,410.63 447.93,413.10 444.88,413.10
             441.83,413.10 439.37,410.63 439.37,407.59
             439.37,404.54 441.83,402.07 444.88,402.07
             447.93,402.07 450.40,404.54 450.40,407.59 Z
           M 537.07,400.91
           C 537.07,450.06 497.22,489.91 448.05,489.91
             398.89,489.91 359.04,450.06 359.04,400.91
             359.04,351.76 398.89,311.91 448.05,311.91
             497.22,311.91 537.07,351.76 537.07,400.91 Z
           M 342.87,400.91
           C 342.87,450.06 303.02,489.91 253.85,489.91
             204.69,489.91 164.84,450.06 164.84,400.91
             164.84,351.76 204.69,311.91 253.85,311.91
             303.02,311.91 342.87,351.76 342.87,400.91 Z
           M 598.95,514.58
           C 598.95,651.52 487.92,762.53 350.95,762.53
             213.99,762.53 102.95,651.52 102.95,514.58
             102.95,377.64 213.99,266.63 350.95,266.63
             487.92,266.63 598.95,377.64 598.95,514.58 Z" />
</svg>
